  0%|          | 0/30 [00:00<?, ?it/s]/home/yzhoufv/.conda/envs/rag/lib/python3.12/site-packages/torch/nn/modules/module.py:1739: UserWarning: Implicit dimension choice for softmax has been deprecated. Change the call to include dim=X as an argument.
  return self._call_impl(*args, **kwargs)
  3%|▎         | 1/30 [00:01<00:47,  1.64s/it]  7%|▋         | 2/30 [00:02<00:30,  1.08s/it] 10%|█         | 3/30 [00:02<00:23,  1.14it/s] 13%|█▎        | 4/30 [00:03<00:19,  1.31it/s] 17%|█▋        | 5/30 [00:04<00:19,  1.26it/s] 20%|██        | 6/30 [00:05<00:18,  1.31it/s] 23%|██▎       | 7/30 [00:06<00:20,  1.15it/s] 27%|██▋       | 8/30 [00:06<00:17,  1.23it/s] 30%|███       | 9/30 [00:07<00:17,  1.23it/s] 33%|███▎      | 10/30 [00:08<00:16,  1.25it/s] 37%|███▋      | 11/30 [00:09<00:14,  1.29it/s] 40%|████      | 12/30 [00:09<00:12,  1.40it/s] 43%|████▎     | 13/30 [00:10<00:11,  1.49it/s] 47%|████▋     | 14/30 [00:11<00:10,  1.50it/s] 50%|█████     | 15/30 [00:11<00:11,  1.35it/s] 53%|█████▎    | 16/30 [00:12<00:09,  1.48it/s] 57%|█████▋    | 17/30 [00:13<00:09,  1.38it/s] 60%|██████    | 18/30 [00:14<00:09,  1.25it/s] 63%|██████▎   | 19/30 [00:14<00:07,  1.44it/s] 67%|██████▋   | 20/30 [00:15<00:06,  1.47it/s] 70%|███████   | 21/30 [00:16<00:06,  1.39it/s] 73%|███████▎  | 22/30 [00:16<00:05,  1.52it/s] 77%|███████▋  | 23/30 [00:17<00:05,  1.17it/s] 80%|████████  | 24/30 [00:18<00:04,  1.31it/s] 83%|████████▎ | 25/30 [00:19<00:04,  1.24it/s] 87%|████████▋ | 26/30 [00:20<00:03,  1.22it/s] 90%|█████████ | 27/30 [00:21<00:02,  1.23it/s] 93%|█████████▎| 28/30 [00:21<00:01,  1.23it/s] 97%|█████████▋| 29/30 [00:22<00:00,  1.31it/s]100%|██████████| 30/30 [00:23<00:00,  1.31it/s]100%|██████████| 30/30 [00:23<00:00,  1.29it/s]
ckpt: ckpt/GPT2Encoder/2025-05-04_02:27:25/encoder-120.pt, ckpt/GPT2Encoder/2025-05-04_02:27:25/discriminator-120.pt
use_split_wiki_text: True
sample_count: [761, 631, 516]
pred_count: [663, 520, 725]
true_pred: [328, 163, 251]
false_pred: [335, 357, 474]
accuracy: 0.3888888888888889
precision: [0.4947209653092006, 0.31346153846153846, 0.34620689655172415]
recall: [0.43101182654402104, 0.2583201267828843, 0.48643410852713176]
f1: [0.4606741573033708, 0.2832319721980886, 0.4045124899274778]
